      -14.397089263420712       -17.680424594257175        -1.860027677902619
      -14.580594257178539        -9.428711660424469        -1.549711710362045
      -14.642554057428221        -1.454534656679151        -1.630531772784017
      -14.772400249687895         6.687247503121105        -1.534732397003746
       -6.366651735330839       -17.508108739076171        -1.640470374531836
       -6.532622721598003        -9.268474594257173        -1.466878102372037
       -6.559743682896382        -1.350370012484392        -1.562290249687891
       -6.497895043695389         6.632168701622977        -1.602244993757802
        1.710524044943819       -17.417054806491883        -1.729427203495630
        1.609070199750312        -9.248125530586766        -1.608975002496875
        1.610086204744072        -1.397207453183523        -2.372589038701621
        1.055415980024967         6.070002621722856        -6.535005443196006
        9.957586629213477       -17.332666541822704        -1.669858451935082
       10.079443570536839        -9.376541273408252        -1.561596616729088
        7.316798564294641        -0.849708303370787        -4.301391390262169
        8.433565873907614         5.614820049937576         0.334167102690387
