      -11.452944069912613       -12.088675405742840         0.763431775875156
      -11.562828589263400        -4.612152122347068        -0.550765725343321
      -11.522196004993768         3.611916392009986         0.412922930087391
      -11.424771285892636        11.662990137328336         2.277256197253438
       -3.839454282147314       -11.873169662921354         0.435723370786517
       -3.799697940074905        -4.303866317103608         1.334562771535580
       -3.914711273408237         4.000025106117353        -0.438933433208490
       -3.904795580524342        11.404059176029952         0.866839893079901
        4.024983220973780       -11.884050936329597         2.284308591997501
        3.978176566791519        -4.304078127340825         1.305939650436955
        3.896244943820218         3.594126416978773        -0.768351840574283
        3.837476429463174        11.267377278402012        -1.397011560549313
       11.765223470661677       -12.302131960049950        -0.096834675143571
       11.636538451935085        -4.400424307116100        -0.443728938826467
       11.903888514357071         3.773334556803990        -1.041804771535581
       11.849234581772777        11.523003870162317        -1.334745280898876
