      -14.430910611735341       -17.683295380774016        -2.469290012484393
      -14.577378526841441        -9.422138339575534        -1.707574993757802
      -14.634676529338346        -1.451397365792759        -1.732098789013733
      -14.772575280898872         6.695589975031213        -1.671802983770287
       -6.360101735330833       -17.501216729088597        -1.758875955056180
       -6.531305605493134        -9.258585418227225        -1.712983171036203
       -6.559969500624221        -1.345274606741572        -1.871759200998755
       -6.505447915106128         6.634621510611733        -1.712603233458176
        1.727379225967539       -17.413859300873931        -1.759926903870163
        1.611147278402000        -9.261393133583024        -1.936910062421972
        1.563749875156056        -1.475965118601749        -3.943753158551813
        1.052806741573034         6.067400299625477        -6.886460074906371
        9.962999238451946       -17.327867790262179        -1.644701161048689
       10.084819101123614        -9.371964906367046        -1.636153283395757
        7.226501073657924        -1.234462192259677        -4.025287883895128
        8.824234956304617         5.846974107365789         0.341814201744070
