      -14.404960049937593       -17.673381148564303        -1.966437265917605
      -14.580249438202243        -9.426222846441936        -1.604066616729089
      -14.641722222222231        -1.453011485642948        -1.678640624219726
      -14.771965792759058         6.689744207240944        -1.570287815230963
       -6.365770112359542       -17.505119475655373        -1.685778339575531
       -6.531731960049942        -9.265723183520601        -1.534080898876403
       -6.557637028714105        -1.350032946317102        -1.647501922596755
       -6.497880037453187         6.633338739076157        -1.638311398252186
        1.714727840199750       -17.416479275905122        -1.736317265917603
        1.603700699126096        -9.243448189762795        -1.812590107365792
        1.575048926342071        -1.466050774032460        -3.400632389513111
        1.053537665418228         6.069458714107374        -6.644357103620471
        9.958656754057424       -17.331277278401977        -1.662278826466916
       10.080139450686660        -9.375195855181030        -1.591190923845196
        7.225128489388271        -0.981953119850188        -4.794444928976280
        8.578452288389510         5.703183096129844         0.365530980420724
