      -14.432002746566789       -17.670914981273405        -2.505331972534333
      -14.577952184769050        -9.419734069912611        -1.777717927590511
      -14.631208489388271        -1.453429912609239        -1.756960674157303
      -14.776172284644192         6.700672634207233        -1.754402309612984
       -6.357497303370787       -17.499901123595460        -1.793565555555559
       -6.532889525593014        -9.255898576779014        -1.821135318352060
       -6.562047702871410        -1.341034494382021        -1.981890124843945
       -6.506924456928846         6.635364569288399        -1.767601161048689
        1.732295518102371       -17.411865293383265        -1.784426204744071
        1.613501922596754        -9.259479750312110        -2.051344781523096
        1.563410137328341        -1.474101722846441        -4.000207103620473
        1.057445655430711         6.068809675405743        -6.929876754057427
        9.965544344569288       -17.325910362047434        -1.638154556803994
       10.086331960049954        -9.368915193508125        -1.679315480649190
        7.490650711610495        -1.226172059925093        -3.012086061173533
        8.727889488139825         5.799372808988762         0.340526472250937
