      -14.412408739076159       -17.666181148564302        -2.104181086142322
      -14.578364669163545        -9.423833483146066        -1.660429950062420
      -14.639729962546822        -1.452887390761545        -1.706184881398251
      -14.771369787765305         6.692143046192263        -1.613601760299626
       -6.363234057428212       -17.503071660424467        -1.723095268414482
       -6.531737428214738        -9.262088177278402        -1.622457990012485
       -6.557788139825215        -1.349116354556802        -1.754685443196007
       -6.503625967540578         6.634084906367050        -1.675979737827717
        1.721123345817730       -17.415457677902612        -1.743056079900126
        1.606400761548065        -9.256903558052439        -1.899006816479402
        1.564113832709112        -1.478211548064919        -3.846506466916355
        1.050076267166042         6.067601997503119        -6.788997290886390
        9.960479812734075       -17.329654806491853        -1.653165742821474
       10.082450936329595        -9.373885892634211        -1.610577353308365
        7.216178227215981        -1.202650510611737        -4.305992374531833
        8.800720249687886         5.831990212234703         0.368339518109238
