      -14.406295755305850       -17.707370911360787        -2.052030149812733
      -14.581485393258443        -9.431168451935088        -1.492406554307115
      -14.640770786516866        -1.455056429463172        -1.533944669163547
      -14.772261797752785         6.685350212234709        -1.503279088639202
       -6.369924906367044       -17.510411985018717        -1.603957340823969
       -6.535361023720361        -9.270191760299626        -1.415680898876404
       -6.560314519350812        -1.351402596754057        -1.473390499375780
       -6.498449438202250         6.631145255930102        -1.562566491885144
        1.706405867665422       -17.417388514357068        -1.723682347066168
        1.609210449438200        -9.248494744069911        -1.517182033707865
        1.636561061173536        -1.350394307116103        -1.643728838951311
        1.054502796504369         6.071219900124838        -6.457569912609241
        9.956827565543064       -17.334010861423220        -1.673272896379526
       10.078641323345835        -9.377743720349562        -1.536976179775280
        7.306965393258437        -0.876523558052433        -4.346606964419473
        8.476609244694135         5.633994032459431         0.328499196204744
