      -14.419159800249714       -17.667023345817725        -2.430174531835206
      -14.573213607990001        -9.420255555555562        -1.764154469413236
      -14.630051685393239        -1.453462072409489        -1.768395343320849
      -14.765582147315845         6.694416079900130        -1.712599750312112
       -6.351511760299633       -17.501645817727812        -1.793264943820222
       -6.524803832709113        -9.255525930087391        -1.801925218476903
       -6.556429812734074        -1.343887353308365        -1.960878963795256
       -6.506357540574289         6.635163845193510        -1.778126654182274
        1.737407428214734       -17.413226466916360        -1.766757290886392
        1.625789525593010        -9.267858302122345        -1.920020237203494
        1.567807016229713        -1.473066741573035        -3.983588951310857
        1.074955343320849         6.027966142322097        -6.559351573033700
        9.971170087390755       -17.329403370786494        -1.653180549313357
       10.090839700374561        -9.370959225967542        -1.665513895131088
        7.576480624219728        -1.305546413233456        -5.423527143570534
        8.823720848938832         5.841270087390757         0.265007249953146
