        0.000000000000000        -1.908760000000000
        0.005000000000000        -1.915510000000000
        0.010000000000000        -1.895980000000000
        0.015000000000000        -1.884000000000000
        0.020000000000000        -1.868470000000000
        0.025000000000000        -1.840140000000000
        0.030000000000000        -1.802970000000000
        0.035000000000000        -1.878590000000000
        0.040000000000000        -1.913770000000000
        0.045000000000000        -1.919190000000000
        0.050000000000000        -1.832230000000000
        0.055000000000000        -1.867070000000000
        0.060000000000000        -1.828970000000000
        0.065000000000000        -1.799390000000000
        0.070000000000000        -1.859850000000000
        0.075000000000000        -1.880670000000000
        0.080000000000000        -1.898720000000000
        0.085000000000000        -1.900590000000000
        0.090000000000000        -1.903020000000000
        0.095000000000000        -1.871880000000000
        0.100000000000000        -1.832320000000000
        0.105000000000000        -1.827140000000000
        0.110000000000000        -1.857200000000000
        0.115000000000000        -1.891380000000000
        0.120000000000000        -1.909130000000000
        0.125000000000000        -1.858810000000000
        0.130000000000000        -1.903630000000000
        0.135000000000000        -1.837360000000000
        0.140000000000000        -1.829780000000000
        0.145000000000000        -1.823110000000000
        0.150000000000000        -1.872320000000000
        0.155000000000000        -1.884880000000000
        0.160000000000000        -1.875830000000000
        0.165000000000000        -1.894050000000000
        0.170000000000000        -1.860290000000000
        0.175000000000000        -1.865160000000000
        0.180000000000000        -1.854160000000000
        0.185000000000000        -1.865650000000000
        0.190000000000000        -1.909220000000000
        0.195000000000000        -1.916620000000000
        0.200000000000000        -1.873630000000000
        0.205000000000000        -1.881160000000000
        0.210000000000000        -1.871240000000000
        0.215000000000000        -1.819480000000000
        0.220000000000000        -1.866900000000000
        0.225000000000000        -1.876320000000000
        0.230000000000000        -1.877990000000000
        0.235000000000000        -1.877860000000000
        0.240000000000000        -1.883490000000000
        0.245000000000000        -1.859440000000000
        0.250000000000000        -1.898750000000000
        0.255000000000000        -1.888230000000000
        0.260000000000000        -1.840820000000000
        0.265000000000000        -1.839450000000000
        0.270000000000000        -1.885220000000000
        0.275000000000000        -1.843080000000000
        0.280000000000000        -1.883530000000000
        0.285000000000000        -1.840800000000000
        0.290000000000000        -1.833020000000000
        0.295000000000000        -1.873850000000000
        0.300000000000000        -1.839580000000000
        0.305000000000000        -1.873440000000000
        0.310000000000000        -1.883280000000000
        0.315000000000000        -1.898210000000000
        0.320000000000000        -1.824010000000000
        0.325000000000000        -1.860850000000000
        0.330000000000000        -1.859690000000000
        0.335000000000000        -1.904160000000000
        0.340000000000000        -1.864950000000000
        0.345000000000000        -1.891600000000000
        0.350000000000000        -1.895800000000000
        0.355000000000000        -1.866110000000000
        0.360000000000000        -1.851550000000000
        0.365000000000000        -1.873350000000000
        0.370000000000000        -1.847900000000000
        0.375000000000000        -1.853440000000000
        0.380000000000000        -1.902560000000000
        0.385000000000000        -1.896970000000000
        0.390000000000000        -1.910220000000000
        0.395000000000000        -1.861590000000000
        0.400000000000000        -1.827000000000000
        0.405000000000000        -1.859100000000000
        0.410000000000000        -1.871900000000000
        0.415000000000000        -1.878510000000000
        0.420000000000000        -1.846870000000000
        0.425000000000000        -1.877080000000000
        0.430000000000000        -1.876820000000000
        0.435000000000000        -1.846200000000000
        0.440000000000000        -1.839110000000000
        0.445000000000000        -1.899750000000000
        0.450000000000000        -1.875800000000000
        0.455000000000000        -1.845270000000000
        0.460000000000000        -1.852670000000000
        0.465000000000000        -1.888420000000000
        0.470000000000000        -1.849290000000000
        0.475000000000000        -1.866290000000000
        0.480000000000000        -1.877520000000000
        0.485000000000000        -1.875260000000000
        0.490000000000000        -1.869670000000000
        0.495000000000000        -1.869500000000000
        0.500000000000000        -1.869260000000000
        0.505000000000000        -1.825460000000000
        0.510000000000000        -1.865760000000000
        0.515000000000000        -1.873300000000000
        0.520000000000000        -1.874060000000000
        0.525000000000000        -1.889210000000000
        0.530000000000000        -1.886840000000000
        0.535000000000000        -1.896190000000000
        0.540000000000000        -1.865700000000000
        0.545000000000000        -1.863410000000000
        0.550000000000000        -1.882640000000000
        0.555000000000000        -1.858410000000000
        0.560000000000000        -1.881670000000000
        0.565000000000000        -1.868080000000000
        0.570000000000000        -1.862760000000000
        0.575000000000000        -1.891850000000000
        0.580000000000000        -1.861840000000000
        0.585000000000000        -1.844060000000000
        0.590000000000000        -1.880540000000000
        0.595000000000000        -1.852150000000000
        0.600000000000000        -1.889080000000000
        0.605000000000000        -1.821540000000000
        0.610000000000000        -1.870050000000000
        0.615000000000000        -1.873920000000000
        0.620000000000000        -1.861930000000000
        0.625000000000000        -1.834670000000000
        0.630000000000000        -1.853730000000000
        0.635000000000000        -1.878420000000000
        0.640000000000000        -1.897220000000000
        0.645000000000000        -1.839870000000000
        0.650000000000000        -1.877240000000000
        0.655000000000000        -1.871050000000000
        0.660000000000000        -1.840890000000000
        0.665000000000000        -1.883180000000000
        0.670000000000000        -1.856740000000000
        0.675000000000000        -1.888030000000000
        0.680000000000000        -1.891330000000000
        0.685000000000000        -1.896150000000000
        0.690000000000000        -1.863650000000000
        0.695000000000000        -1.865740000000000
        0.700000000000000        -1.856910000000000
        0.705000000000000        -1.859770000000000
        0.710000000000000        -1.839130000000000
        0.715000000000000        -1.865990000000000
        0.720000000000000        -1.893230000000000
        0.725000000000000        -1.833060000000000
        0.730000000000000        -1.843210000000000
        0.735000000000000        -1.889080000000000
        0.740000000000000        -1.867560000000000
        0.745000000000000        -1.874280000000000
        0.750000000000000        -1.869910000000000
        0.755000000000000        -1.900790000000000
        0.760000000000000        -1.881340000000000
        0.765000000000000        -1.838940000000000
        0.770000000000000        -1.842560000000000
        0.775000000000000        -1.893840000000000
        0.780000000000000        -1.864880000000000
        0.785000000000000        -1.883160000000000
        0.790000000000000        -1.877590000000000
        0.795000000000000        -1.901990000000000
        0.800000000000000        -1.869640000000000
        0.805000000000000        -1.864210000000000
        0.810000000000000        -1.844550000000000
        0.815000000000000        -1.867820000000000
        0.820000000000000        -1.872960000000000
        0.825000000000000        -1.852980000000000
        0.830000000000000        -1.854590000000000
        0.835000000000000        -1.888440000000000
        0.840000000000000        -1.876100000000000
        0.845000000000000        -1.854630000000000
        0.850000000000000        -1.888440000000000
        0.855000000000000        -1.867060000000000
        0.860000000000000        -1.869890000000000
        0.865000000000000        -1.850160000000000
        0.870000000000000        -1.895870000000000
        0.875000000000000        -1.853550000000000
        0.880000000000000        -1.860470000000000
        0.885000000000000        -1.891100000000000
        0.890000000000000        -1.880870000000000
        0.895000000000000        -1.878080000000000
        0.900000000000000        -1.860020000000000
        0.905000000000000        -1.881700000000000
        0.910000000000000        -1.867220000000000
        0.915000000000000        -1.882620000000000
        0.920000000000000        -1.862710000000000
        0.925000000000000        -1.883950000000000
        0.930000000000000        -1.918300000000000
        0.935000000000000        -1.893070000000000
        0.940000000000000        -1.873850000000000
        0.945000000000000        -1.868490000000000
        0.950000000000000        -1.869910000000000
        0.955000000000000        -1.848360000000000
        0.960000000000000        -1.860190000000000
        0.965000000000000        -1.886170000000000
        0.970000000000000        -1.868690000000000
        0.975000000000000        -1.828550000000000
        0.980000000000000        -1.871960000000000
        0.985000000000000        -1.849790000000000
        0.990000000000000        -1.843880000000000
        0.995000000000000        -1.882370000000000
        1.000000000000000        -1.886920000000000
        1.005000000000000        -1.867530000000000
        1.010000000000000        -1.842730000000000
        1.015000000000000        -1.858840000000000
        1.020000000000000        -1.871330000000000
        1.025000000000000        -1.843110000000000
        1.030000000000000        -1.884500000000000
        1.035000000000000        -1.877250000000000
        1.040000000000000        -1.915170000000000
        1.045000000000000        -1.885580000000000
        1.050000000000000        -1.847610000000000
        1.055000000000000        -1.913750000000000
        1.060000000000000        -1.833210000000000
        1.065000000000000        -1.841530000000000
        1.070000000000000        -1.857250000000000
        1.075000000000000        -1.876720000000000
        1.080000000000000        -1.887080000000000
        1.085000000000000        -1.889610000000000
        1.090000000000000        -1.898790000000000
        1.095000000000000        -1.855050000000000
        1.100000000000000        -1.844830000000000
        1.105000000000000        -1.874550000000000
        1.110000000000000        -1.843230000000000
        1.115000000000000        -1.894380000000000
        1.120000000000000        -1.848810000000000
        1.125000000000000        -1.878130000000000
        1.130000000000000        -1.880650000000000
        1.135000000000000        -1.882730000000000
        1.140000000000000        -1.879990000000000
        1.145000000000000        -1.890090000000000
        1.150000000000000        -1.873480000000000
        1.155000000000000        -1.874700000000000
        1.160000000000000        -1.834670000000000
        1.165000000000000        -1.877310000000000
        1.170000000000000        -1.852780000000000
        1.175000000000000        -1.858300000000000
        1.180000000000000        -1.893300000000000
        1.185000000000000        -1.870530000000000
        1.190000000000000        -1.886000000000000
        1.195000000000000        -1.871530000000000
        1.200000000000000        -1.857410000000000
        1.205000000000000        -1.881900000000000
        1.210000000000000        -1.852310000000000
        1.215000000000000        -1.855230000000000
        1.220000000000000        -1.900710000000000
        1.225000000000000        -1.883460000000000
        1.230000000000000        -1.879510000000000
        1.235000000000000        -1.871130000000000
        1.240000000000000        -1.863060000000000
        1.245000000000000        -1.857950000000000
        1.250000000000000        -1.854100000000000
        1.255000000000000        -1.874400000000000
        1.260000000000000        -1.864160000000000
        1.265000000000000        -1.865870000000000
        1.270000000000000        -1.875110000000000
        1.275000000000000        -1.887340000000000
        1.280000000000000        -1.857180000000000
        1.285000000000000        -1.873520000000000
        1.290000000000000        -1.875800000000000
        1.295000000000000        -1.881260000000000
        1.300000000000000        -1.900200000000000
        1.305000000000000        -1.874440000000000
        1.310000000000000        -1.888250000000000
        1.315000000000000        -1.870420000000000
        1.320000000000000        -1.853850000000000
        1.325000000000000        -1.833850000000000
        1.330000000000000        -1.872660000000000
        1.335000000000000        -1.872940000000000
        1.340000000000000        -1.891220000000000
        1.345000000000000        -1.849630000000000
        1.350000000000000        -1.854700000000000
        1.355000000000000        -1.865260000000000
        1.360000000000000        -1.830190000000000
        1.365000000000000        -1.840970000000000
        1.370000000000000        -1.896380000000000
        1.375000000000000        -1.837400000000000
        1.380000000000000        -1.890570000000000
        1.385000000000000        -1.847430000000000
        1.390000000000000        -1.887260000000000
        1.395000000000000        -1.835310000000000
        1.400000000000000        -1.865360000000000
        1.405000000000000        -1.847500000000000
        1.410000000000000        -1.876260000000000
        1.415000000000000        -1.856560000000000
        1.420000000000000        -1.836980000000000
        1.425000000000000        -1.862580000000000
        1.430000000000000        -1.854980000000000
        1.435000000000000        -1.868390000000000
        1.440000000000000        -1.910450000000000
        1.445000000000000        -1.898280000000000
        1.450000000000000        -1.867000000000000
        1.455000000000000        -1.873920000000000
        1.460000000000000        -1.905280000000000
        1.465000000000000        -1.874910000000000
        1.470000000000000        -1.867330000000000
        1.475000000000000        -1.846830000000000
        1.480000000000000        -1.854730000000000
        1.485000000000000        -1.898000000000000
        1.490000000000000        -1.904800000000000
        1.495000000000000        -1.881310000000000
        1.500000000000000        -1.861350000000000
        1.505000000000000        -1.824330000000000
        1.510000000000000        -1.821940000000000
        1.515000000000000        -1.860890000000000
        1.520000000000000        -1.879790000000000
        1.525000000000000        -1.885840000000000
        1.530000000000000        -1.853780000000000
        1.535000000000000        -1.868320000000000
        1.540000000000000        -1.855250000000000
        1.545000000000000        -1.816930000000000
        1.550000000000000        -1.898070000000000
        1.555000000000000        -1.867520000000000
        1.560000000000000        -1.850120000000000
        1.565000000000000        -1.842210000000000
        1.570000000000000        -1.839660000000000
        1.575000000000000        -1.859160000000000
        1.580000000000000        -1.837050000000000
        1.585000000000000        -1.841810000000000
        1.590000000000000        -1.892950000000000
        1.595000000000000        -1.907260000000000
        1.600000000000000        -1.892520000000000
        1.605000000000000        -1.884810000000000
        1.610000000000000        -1.890210000000000
        1.615000000000000        -1.826360000000000
        1.620000000000000        -1.851920000000000
        1.625000000000000        -1.870200000000000
        1.630000000000000        -1.897540000000000
        1.635000000000000        -1.893650000000000
        1.640000000000000        -1.877450000000000
        1.645000000000000        -1.896900000000000
        1.650000000000000        -1.857560000000000
        1.655000000000000        -1.843950000000000
        1.660000000000000        -1.861080000000000
        1.665000000000000        -1.850300000000000
        1.670000000000000        -1.863660000000000
        1.675000000000000        -1.892240000000000
        1.680000000000000        -1.865050000000000
        1.685000000000000        -1.856650000000000
        1.690000000000000        -1.859880000000000
        1.695000000000000        -1.843220000000000
        1.700000000000000        -1.878040000000000
        1.705000000000000        -1.870850000000000
        1.710000000000000        -1.844670000000000
        1.715000000000000        -1.829800000000000
        1.720000000000000        -1.854380000000000
        1.725000000000000        -1.853590000000000
        1.730000000000000        -1.821380000000000
        1.735000000000000        -1.899760000000000
        1.740000000000000        -1.883050000000000
        1.745000000000000        -1.859800000000000
        1.750000000000000        -1.880830000000000
        1.755000000000000        -1.851890000000000
        1.760000000000000        -1.860940000000000
        1.765000000000000        -1.843160000000000
        1.770000000000000        -1.852880000000000
        1.775000000000000        -1.895340000000000
        1.780000000000000        -1.894780000000000
        1.785000000000000        -1.888610000000000
        1.790000000000000        -1.872360000000000
        1.795000000000000        -1.872290000000000
        1.800000000000000        -1.838410000000000
        1.805000000000000        -1.852000000000000
        1.810000000000000        -1.848090000000000
        1.815000000000000        -1.865860000000000
        1.820000000000000        -1.856980000000000
        1.825000000000000        -1.881360000000000
        1.830000000000000        -1.876370000000000
        1.835000000000000        -1.869940000000000
        1.840000000000000        -1.856940000000000
        1.845000000000000        -1.872920000000000
        1.850000000000000        -1.867670000000000
        1.855000000000000        -1.903070000000000
        1.860000000000000        -1.882450000000000
        1.865000000000000        -1.863200000000000
        1.870000000000000        -1.871350000000000
        1.875000000000000        -1.818030000000000
        1.880000000000000        -1.830230000000000
        1.885000000000000        -1.890350000000000
        1.890000000000000        -1.874220000000000
        1.895000000000000        -1.897720000000000
        1.900000000000000        -1.857140000000000
        1.905000000000000        -1.867970000000000
        1.910000000000000        -1.864960000000000
        1.915000000000000        -1.860720000000000
        1.920000000000000        -1.895770000000000
        1.925000000000000        -1.877280000000000
        1.930000000000000        -1.865360000000000
        1.935000000000000        -1.870410000000000
        1.940000000000000        -1.865060000000000
        1.945000000000000        -1.863870000000000
        1.950000000000000        -1.846060000000000
        1.955000000000000        -1.851020000000000
        1.960000000000000        -1.884160000000000
        1.965000000000000        -1.850500000000000
        1.970000000000000        -1.855470000000000
        1.975000000000000        -1.860310000000000
        1.980000000000000        -1.890360000000000
        1.985000000000000        -1.839190000000000
        1.990000000000000        -1.870090000000000
        1.995000000000000        -1.888260000000000
        2.000000000000000        -1.863480000000000
        2.005000000000000        -1.879980000000000
        2.010000000000000        -1.878620000000000
        2.015000000000000        -1.878600000000000
        2.020000000000000        -1.846810000000000
        2.025000000000000        -1.853440000000000
        2.030000000000000        -1.889100000000000
        2.035000000000000        -1.866560000000000
        2.040000000000000        -1.901950000000000
        2.045000000000000        -1.878240000000000
        2.050000000000000        -1.863360000000000
        2.055000000000000        -1.880260000000000
        2.060000000000000        -1.814840000000000
        2.065000000000000        -1.823760000000000
        2.070000000000000        -1.854300000000000
        2.075000000000000        -1.864930000000000
        2.080000000000000        -1.838580000000000
        2.085000000000000        -1.877080000000000
        2.090000000000000        -1.877620000000000
        2.095000000000000        -1.836920000000000
        2.100000000000000        -1.848860000000000
        2.105000000000000        -1.869440000000000
        2.110000000000000        -1.895360000000000
        2.115000000000000        -1.862340000000000
        2.120000000000000        -1.860330000000000
        2.125000000000000        -1.859210000000000
        2.130000000000000        -1.848780000000000
        2.135000000000000        -1.846810000000000
        2.140000000000000        -1.869630000000000
        2.145000000000000        -1.889570000000000
        2.150000000000000        -1.860480000000000
        2.155000000000000        -1.834880000000000
        2.160000000000000        -1.859070000000000
        2.165000000000000        -1.889900000000000
        2.170000000000000        -1.821520000000000
        2.175000000000000        -1.876160000000000
        2.180000000000000        -1.883480000000000
        2.185000000000000        -1.908390000000000
        2.190000000000000        -1.916170000000000
        2.195000000000000        -1.890610000000000
        2.200000000000000        -1.879780000000000
        2.205000000000000        -1.828060000000000
        2.210000000000000        -1.851910000000000
        2.215000000000000        -1.818790000000000
        2.220000000000000        -1.872560000000000
        2.225000000000000        -1.856840000000000
        2.230000000000000        -1.885750000000000
        2.235000000000000        -1.837190000000000
        2.240000000000000        -1.906730000000000
        2.245000000000000        -1.848400000000000
        2.250000000000000        -1.843610000000000
        2.255000000000000        -1.881420000000000
        2.260000000000000        -1.860240000000000
        2.265000000000000        -1.852610000000000
        2.270000000000000        -1.853330000000000
        2.275000000000000        -1.875270000000000
        2.280000000000000        -1.891380000000000
        2.285000000000000        -1.834000000000000
        2.290000000000000        -1.858630000000000
        2.295000000000000        -1.899010000000000
        2.300000000000000        -1.838510000000000
        2.305000000000000        -1.854620000000000
        2.310000000000000        -1.834910000000000
        2.315000000000000        -1.903630000000000
        2.320000000000000        -1.830610000000000
        2.325000000000000        -1.852460000000000
        2.330000000000000        -1.886930000000000
        2.335000000000000        -1.898570000000000
        2.340000000000000        -1.883770000000000
        2.345000000000000        -1.903900000000000
        2.350000000000000        -1.885020000000000
        2.355000000000000        -1.854540000000000
        2.360000000000000        -1.840720000000000
        2.365000000000000        -1.873850000000000
        2.370000000000000        -1.881360000000000
        2.375000000000000        -1.883660000000000
        2.380000000000000        -1.873510000000000
        2.385000000000000        -1.880000000000000
        2.390000000000000        -1.876190000000000
        2.395000000000000        -1.859730000000000
        2.400000000000000        -1.853180000000000
        2.405000000000000        -1.885390000000000
        2.410000000000000        -1.896700000000000
        2.415000000000000        -1.880580000000000
        2.420000000000000        -1.883310000000000
        2.425000000000000        -1.888120000000000
        2.430000000000000        -1.857130000000000
        2.435000000000000        -1.843150000000000
        2.440000000000000        -1.890510000000000
        2.445000000000000        -1.895080000000000
        2.450000000000000        -1.865180000000000
        2.455000000000000        -1.842920000000000
        2.460000000000000        -1.888460000000000
        2.465000000000000        -1.858260000000000
        2.470000000000000        -1.826810000000000
        2.475000000000000        -1.867700000000000
        2.480000000000000        -1.874030000000000
        2.485000000000000        -1.883410000000000
        2.490000000000000        -1.872170000000000
        2.495000000000000        -1.868740000000000
        2.500000000000000        -1.892050000000000
        2.505000000000000        -1.838610000000000
        2.510000000000000        -1.859810000000000
        2.515000000000000        -1.870760000000000
        2.520000000000000        -1.886920000000000
        2.525000000000000        -1.906880000000000
        2.530000000000000        -1.912110000000000
        2.535000000000000        -1.898690000000000
        2.540000000000000        -1.865710000000000
        2.545000000000000        -1.862960000000000
        2.550000000000000        -1.879450000000000
        2.555000000000000        -1.857870000000000
        2.560000000000000        -1.853170000000000
        2.565000000000000        -1.860870000000000
        2.570000000000000        -1.881850000000000
        2.575000000000000        -1.880700000000000
        2.580000000000000        -1.856810000000000
        2.585000000000000        -1.842830000000000
        2.590000000000000        -1.886940000000000
        2.595000000000000        -1.902010000000000
        2.600000000000000        -1.866980000000000
        2.605000000000000        -1.848390000000000
        2.610000000000000        -1.859430000000000
        2.615000000000000        -1.860290000000000
        2.620000000000000        -1.821910000000000
        2.625000000000000        -1.854470000000000
        2.630000000000000        -1.885810000000000
        2.635000000000000        -1.890000000000000
        2.640000000000000        -1.897440000000000
        2.645000000000000        -1.890880000000000
        2.650000000000000        -1.865590000000000
        2.655000000000000        -1.854800000000000
        2.660000000000000        -1.887750000000000
        2.665000000000000        -1.880530000000000
        2.670000000000000        -1.844480000000000
        2.675000000000000        -1.870090000000000
        2.680000000000000        -1.884950000000000
        2.685000000000000        -1.902170000000000
        2.690000000000000        -1.849140000000000
        2.695000000000000        -1.867760000000000
        2.700000000000000        -1.871980000000000
        2.705000000000000        -1.873390000000000
        2.710000000000000        -1.841850000000000
        2.715000000000000        -1.857900000000000
        2.720000000000000        -1.890610000000000
        2.725000000000000        -1.851360000000000
        2.730000000000000        -1.849170000000000
        2.735000000000000        -1.881420000000000
        2.740000000000000        -1.906670000000000
        2.745000000000000        -1.898900000000000
        2.750000000000000        -1.879060000000000
        2.755000000000000        -1.887940000000000
        2.760000000000000        -1.879260000000000
        2.765000000000000        -1.822030000000000
        2.770000000000000        -1.835700000000000
        2.775000000000000        -1.846290000000000
        2.780000000000000        -1.892960000000000
        2.785000000000000        -1.877710000000000
        2.790000000000000        -1.878980000000000
        2.795000000000000        -1.885960000000000
        2.800000000000000        -1.840770000000000
        2.805000000000000        -1.848180000000000
        2.810000000000000        -1.891800000000000
        2.815000000000000        -1.870740000000000
        2.820000000000000        -1.872320000000000
        2.825000000000000        -1.876970000000000
        2.830000000000000        -1.865000000000000
        2.835000000000000        -1.884090000000000
        2.840000000000000        -1.880280000000000
        2.845000000000000        -1.886970000000000
        2.850000000000000        -1.907020000000000
        2.855000000000000        -1.871510000000000
        2.860000000000000        -1.875310000000000
        2.865000000000000        -1.845750000000000
        2.870000000000000        -1.871650000000000
        2.875000000000000        -1.853010000000000
        2.880000000000000        -1.868990000000000
        2.885000000000000        -1.884000000000000
        2.890000000000000        -1.908470000000000
        2.895000000000000        -1.900130000000000
        2.900000000000000        -1.890210000000000
        2.905000000000000        -1.895820000000000
        2.910000000000000        -1.862440000000000
        2.915000000000000        -1.841790000000000
        2.920000000000000        -1.887590000000000
        2.925000000000000        -1.883720000000000
        2.930000000000000        -1.885720000000000
        2.935000000000000        -1.901110000000000
        2.940000000000000        -1.897660000000000
        2.945000000000000        -1.858600000000000
        2.950000000000000        -1.841720000000000
        2.955000000000000        -1.835220000000000
        2.960000000000000        -1.879460000000000
        2.965000000000000        -1.885450000000000
        2.970000000000000        -1.874170000000000
        2.975000000000000        -1.831100000000000
        2.980000000000000        -1.885150000000000
        2.985000000000000        -1.869170000000000
        2.990000000000000        -1.861660000000000
        2.995000000000000        -1.892410000000000
        3.000000000000000        -1.910450000000000
        3.005000000000000        -1.858030000000000
        3.010000000000000        -1.857000000000000
        3.015000000000000        -1.862040000000000
        3.020000000000000        -1.870330000000000
        3.025000000000000        -1.831260000000000
        3.030000000000000        -1.843660000000000
        3.035000000000000        -1.875620000000000
        3.040000000000000        -1.884870000000000
        3.045000000000000        -1.893640000000000
        3.050000000000000        -1.862770000000000
        3.055000000000000        -1.885310000000000
        3.060000000000000        -1.823980000000000
        3.065000000000000        -1.840890000000000
        3.070000000000000        -1.866840000000000
        3.075000000000000        -1.900130000000000
        3.080000000000000        -1.866000000000000
        3.085000000000000        -1.888880000000000
        3.090000000000000        -1.886690000000000
        3.095000000000000        -1.844170000000000
        3.100000000000000        -1.847330000000000
        3.105000000000000        -1.893030000000000
        3.110000000000000        -1.843340000000000
        3.115000000000000        -1.880390000000000
        3.120000000000000        -1.839130000000000
        3.125000000000000        -1.888520000000000
        3.130000000000000        -1.873720000000000
        3.135000000000000        -1.857720000000000
        3.140000000000000        -1.851610000000000
        3.145000000000000        -1.886520000000000
        3.150000000000000        -1.885380000000000
        3.155000000000000        -1.863330000000000
        3.160000000000000        -1.870190000000000
        3.165000000000000        -1.881200000000000
        3.170000000000000        -1.863380000000000
        3.175000000000000        -1.866270000000000
        3.180000000000000        -1.860240000000000
        3.185000000000000        -1.869950000000000
        3.190000000000000        -1.876550000000000
        3.195000000000000        -1.884050000000000
        3.200000000000000        -1.872950000000000
        3.205000000000000        -1.896980000000000
        3.210000000000000        -1.862130000000000
        3.215000000000000        -1.906070000000000
        3.220000000000000        -1.853720000000000
        3.225000000000000        -1.880350000000000
        3.230000000000000        -1.856900000000000
        3.235000000000000        -1.876960000000000
        3.240000000000000        -1.873560000000000
        3.245000000000000        -1.873640000000000
        3.250000000000000        -1.892220000000000
        3.255000000000000        -1.860090000000000
        3.260000000000000        -1.869680000000000
        3.265000000000000        -1.869450000000000
        3.270000000000000        -1.863020000000000
        3.275000000000000        -1.856400000000000
        3.280000000000000        -1.860210000000000
        3.285000000000000        -1.855390000000000
        3.290000000000000        -1.854420000000000
        3.295000000000000        -1.873370000000000
        3.300000000000000        -1.892160000000000
        3.305000000000000        -1.876600000000000
        3.310000000000000        -1.888180000000000
        3.315000000000000        -1.872470000000000
        3.320000000000000        -1.894570000000000
        3.325000000000000        -1.896250000000000
        3.330000000000000        -1.863600000000000
        3.335000000000000        -1.882200000000000
        3.340000000000000        -1.890570000000000
        3.345000000000000        -1.859980000000000
        3.350000000000000        -1.871150000000000
        3.355000000000000        -1.859930000000000
        3.360000000000000        -1.815700000000000
        3.365000000000000        -1.844820000000000
        3.370000000000000        -1.891280000000000
        3.375000000000000        -1.878520000000000
        3.380000000000000        -1.846600000000000
        3.385000000000000        -1.892840000000000
        3.390000000000000        -1.874720000000000
        3.395000000000000        -1.876210000000000
        3.400000000000000        -1.854540000000000
        3.405000000000000        -1.885110000000000
        3.410000000000000        -1.858050000000000
        3.415000000000000        -1.888680000000000
        3.420000000000000        -1.852370000000000
        3.425000000000000        -1.829420000000000
        3.430000000000000        -1.863800000000000
        3.435000000000000        -1.862330000000000
        3.440000000000000        -1.889910000000000
        3.445000000000000        -1.879040000000000
        3.450000000000000        -1.886100000000000
        3.455000000000000        -1.896080000000000
        3.460000000000000        -1.857170000000000
        3.465000000000000        -1.881300000000000
        3.470000000000000        -1.851050000000000
        3.475000000000000        -1.849960000000000
        3.480000000000000        -1.838400000000000
        3.485000000000000        -1.887040000000000
        3.490000000000000        -1.851910000000000
        3.495000000000000        -1.881810000000000
        3.500000000000000        -1.898440000000000
        3.505000000000000        -1.840090000000000
        3.510000000000000        -1.835230000000000
        3.515000000000000        -1.863000000000000
        3.520000000000000        -1.884910000000000
        3.525000000000000        -1.888370000000000
        3.530000000000000        -1.849900000000000
        3.535000000000000        -1.890280000000000
        3.540000000000000        -1.873240000000000
        3.545000000000000        -1.842060000000000
        3.550000000000000        -1.851870000000000
        3.555000000000000        -1.859910000000000
        3.560000000000000        -1.871960000000000
        3.565000000000000        -1.853770000000000
        3.570000000000000        -1.877990000000000
        3.575000000000000        -1.866320000000000
        3.580000000000000        -1.828890000000000
        3.585000000000000        -1.865210000000000
        3.590000000000000        -1.902430000000000
        3.595000000000000        -1.904510000000000
        3.600000000000000        -1.870140000000000
        3.605000000000000        -1.858170000000000
        3.610000000000000        -1.897950000000000
        3.615000000000000        -1.868020000000000
        3.620000000000000        -1.827960000000000
        3.625000000000000        -1.859200000000000
        3.630000000000000        -1.909550000000000
        3.635000000000000        -1.888270000000000
        3.640000000000000        -1.888190000000000
        3.645000000000000        -1.874770000000000
        3.650000000000000        -1.893230000000000
        3.655000000000000        -1.847200000000000
        3.660000000000000        -1.874000000000000
        3.665000000000000        -1.892550000000000
        3.670000000000000        -1.867610000000000
        3.675000000000000        -1.872370000000000
        3.680000000000000        -1.865740000000000
        3.685000000000000        -1.882940000000000
        3.690000000000000        -1.843250000000000
        3.695000000000000        -1.849730000000000
        3.700000000000000        -1.871520000000000
        3.705000000000000        -1.867500000000000
        3.710000000000000        -1.870240000000000
        3.715000000000000        -1.838230000000000
        3.720000000000000        -1.863150000000000
        3.725000000000000        -1.861030000000000
        3.730000000000000        -1.861610000000000
        3.735000000000000        -1.870580000000000
        3.740000000000000        -1.863950000000000
        3.745000000000000        -1.871530000000000
        3.750000000000000        -1.879070000000000
        3.755000000000000        -1.852910000000000
        3.760000000000000        -1.877040000000000
        3.765000000000000        -1.895880000000000
        3.770000000000000        -1.849490000000000
        3.775000000000000        -1.876570000000000
        3.780000000000000        -1.898140000000000
        3.785000000000000        -1.903010000000000
        3.790000000000000        -1.851050000000000
        3.795000000000000        -1.885710000000000
        3.800000000000000        -1.853450000000000
        3.805000000000000        -1.845440000000000
        3.810000000000000        -1.840210000000000
        3.815000000000000        -1.868890000000000
        3.820000000000000        -1.882780000000000
        3.825000000000000        -1.878130000000000
        3.830000000000000        -1.862450000000000
        3.835000000000000        -1.863170000000000
        3.840000000000000        -1.863870000000000
        3.845000000000000        -1.852250000000000
        3.850000000000000        -1.899060000000000
        3.855000000000000        -1.861850000000000
        3.860000000000000        -1.867680000000000
        3.865000000000000        -1.866550000000000
        3.870000000000000        -1.893190000000000
        3.875000000000000        -1.850910000000000
        3.880000000000000        -1.837990000000000
        3.885000000000000        -1.865300000000000
        3.890000000000000        -1.896350000000000
        3.895000000000000        -1.895880000000000
        3.900000000000000        -1.837760000000000
        3.905000000000000        -1.895370000000000
        3.910000000000000        -1.871060000000000
        3.915000000000000        -1.822370000000000
        3.920000000000000        -1.841130000000000
        3.925000000000000        -1.889860000000000
        3.930000000000000        -1.867650000000000
        3.935000000000000        -1.856100000000000
        3.940000000000000        -1.889300000000000
        3.945000000000000        -1.885650000000000
        3.950000000000000        -1.845180000000000
        3.955000000000000        -1.839730000000000
        3.960000000000000        -1.845080000000000
        3.965000000000000        -1.869230000000000
        3.970000000000000        -1.873870000000000
        3.975000000000000        -1.848510000000000
        3.980000000000000        -1.867950000000000
        3.985000000000000        -1.867630000000000
        3.990000000000000        -1.856700000000000
        3.995000000000000        -1.898940000000000
        4.000000000000000        -1.878910000000000
        4.005000000000000        -1.889810000000000
        4.010000000000000        -1.854810000000000
        4.015000000000000        -1.865880000000000
        4.020000000000000        -1.851060000000000
        4.025000000000000        -1.860100000000000
        4.030000000000000        -1.857040000000000
        4.035000000000000        -1.862710000000000
        4.040000000000000        -1.926410000000000
        4.045000000000000        -1.897730000000000
        4.050000000000000        -1.860210000000000
        4.055000000000000        -1.895920000000000
        4.060000000000000        -1.831370000000000
        4.065000000000000        -1.843980000000000
        4.070000000000000        -1.893880000000000
        4.075000000000000        -1.879350000000000
        4.080000000000000        -1.888030000000000
        4.085000000000000        -1.869950000000000
        4.090000000000000        -1.882570000000000
        4.095000000000000        -1.875290000000000
        4.100000000000000        -1.820710000000000
        4.105000000000000        -1.851370000000000
        4.110000000000000        -1.868800000000000
        4.115000000000000        -1.869170000000000
        4.120000000000000        -1.857900000000000
        4.125000000000000        -1.875560000000000
        4.130000000000000        -1.884730000000000
        4.135000000000000        -1.847240000000000
        4.140000000000000        -1.872010000000000
        4.145000000000000        -1.870390000000000
        4.150000000000000        -1.880630000000000
        4.155000000000000        -1.879970000000000
        4.160000000000000        -1.835070000000000
        4.165000000000000        -1.886350000000000
        4.170000000000000        -1.856750000000000
        4.175000000000000        -1.838780000000000
        4.180000000000000        -1.894300000000000
        4.185000000000000        -1.916480000000000
        4.190000000000000        -1.895830000000000
        4.195000000000000        -1.889610000000000
        4.200000000000000        -1.899830000000000
        4.205000000000000        -1.873440000000000
        4.210000000000000        -1.836360000000000
        4.215000000000000        -1.885650000000000
        4.220000000000000        -1.864910000000000
        4.225000000000000        -1.855600000000000
        4.230000000000000        -1.894770000000000
        4.235000000000000        -1.860140000000000
        4.240000000000000        -1.883590000000000
        4.245000000000000        -1.854980000000000
        4.250000000000000        -1.827460000000000
        4.255000000000000        -1.879490000000000
        4.260000000000000        -1.869520000000000
        4.265000000000000        -1.877220000000000
        4.270000000000000        -1.846990000000000
        4.275000000000000        -1.862730000000000
        4.280000000000000        -1.873230000000000
        4.285000000000000        -1.851630000000000
        4.290000000000000        -1.863630000000000
        4.295000000000000        -1.899120000000000
        4.300000000000000        -1.867800000000000
        4.305000000000000        -1.860760000000000
        4.310000000000000        -1.837680000000000
        4.315000000000000        -1.871390000000000
        4.320000000000000        -1.882850000000000
        4.325000000000000        -1.841210000000000
        4.330000000000000        -1.866330000000000
        4.335000000000000        -1.889100000000000
        4.340000000000000        -1.869990000000000
        4.345000000000000        -1.875740000000000
        4.350000000000001        -1.879860000000000
        4.355000000000000        -1.821240000000000
        4.360000000000000        -1.875920000000000
        4.365000000000000        -1.837030000000000
        4.370000000000000        -1.870410000000000
        4.375000000000000        -1.859770000000000
        4.380000000000000        -1.895480000000000
        4.385000000000000        -1.906340000000000
        4.390000000000000        -1.887120000000000
        4.395000000000000        -1.871890000000000
        4.400000000000000        -1.851800000000000
        4.405000000000000        -1.884250000000000
        4.410000000000000        -1.861800000000000
        4.415000000000000        -1.881470000000000
        4.420000000000000        -1.872420000000000
        4.425000000000000        -1.889190000000000
        4.430000000000000        -1.842800000000000
        4.435000000000000        -1.842970000000000
        4.440000000000000        -1.892110000000000
        4.445000000000000        -1.878910000000000
        4.450000000000000        -1.851080000000000
        4.455000000000000        -1.840760000000000
        4.460000000000000        -1.854590000000000
        4.465000000000000        -1.871640000000000
        4.470000000000000        -1.830700000000000
        4.475000000000001        -1.885850000000000
        4.480000000000000        -1.871450000000000
        4.485000000000000        -1.871700000000000
        4.490000000000000        -1.894630000000000
        4.495000000000000        -1.854430000000000
        4.500000000000000        -1.867270000000000
        4.505000000000000        -1.879830000000000
        4.510000000000000        -1.857740000000000
        4.515000000000000        -1.837190000000000
        4.520000000000000        -1.849390000000000
        4.525000000000000        -1.870120000000000
        4.530000000000000        -1.843030000000000
        4.535000000000000        -1.874460000000000
        4.540000000000000        -1.872350000000000
        4.545000000000000        -1.892960000000000
        4.550000000000000        -1.864260000000000
        4.555000000000000        -1.915320000000000
        4.560000000000000        -1.873030000000000
        4.565000000000000        -1.845960000000000
        4.570000000000000        -1.874790000000000
        4.575000000000000        -1.866880000000000
        4.580000000000000        -1.864750000000000
        4.585000000000000        -1.884020000000000
        4.590000000000000        -1.890140000000000
        4.595000000000000        -1.891280000000000
        4.600000000000001        -1.922110000000000
        4.605000000000000        -1.860870000000000
        4.610000000000000        -1.879530000000000
        4.615000000000000        -1.875770000000000
        4.620000000000000        -1.885750000000000
        4.625000000000000        -1.867880000000000
        4.630000000000000        -1.891710000000000
        4.635000000000000        -1.898840000000000
        4.640000000000000        -1.860390000000000
        4.645000000000000        -1.884500000000000
        4.650000000000000        -1.862880000000000
        4.655000000000000        -1.877750000000000
        4.660000000000000        -1.850900000000000
        4.665000000000000        -1.888730000000000
        4.670000000000000        -1.873500000000000
        4.675000000000000        -1.858810000000000
        4.680000000000000        -1.829710000000000
        4.685000000000000        -1.869620000000000
        4.690000000000000        -1.851300000000000
        4.695000000000000        -1.867000000000000
        4.700000000000000        -1.903620000000000
        4.705000000000000        -1.900540000000000
        4.710000000000000        -1.866750000000000
        4.715000000000000        -1.844930000000000
        4.720000000000000        -1.875120000000000
        4.725000000000001        -1.846270000000000
        4.730000000000000        -1.848360000000000
        4.735000000000000        -1.866790000000000
        4.740000000000000        -1.893660000000000
        4.745000000000000        -1.891160000000000
        4.750000000000000        -1.875520000000000
        4.755000000000000        -1.888660000000000
        4.760000000000000        -1.868840000000000
        4.765000000000000        -1.848740000000000
        4.770000000000000        -1.825180000000000
        4.775000000000000        -1.848260000000000
        4.780000000000000        -1.885930000000000
        4.785000000000000        -1.868290000000000
        4.790000000000000        -1.880290000000000
        4.795000000000000        -1.860860000000000
        4.800000000000000        -1.854730000000000
        4.805000000000000        -1.834530000000000
        4.810000000000000        -1.839270000000000
        4.815000000000000        -1.879250000000000
        4.820000000000000        -1.903910000000000
        4.825000000000000        -1.848480000000000
        4.830000000000000        -1.881560000000000
        4.835000000000000        -1.867980000000000
        4.840000000000000        -1.822520000000000
        4.845000000000000        -1.868720000000000
        4.850000000000001        -1.865210000000000
        4.855000000000000        -1.871440000000000
        4.860000000000000        -1.887660000000000
        4.865000000000000        -1.848530000000000
        4.870000000000000        -1.879500000000000
        4.875000000000000        -1.810730000000000
        4.880000000000000        -1.823990000000000
        4.885000000000000        -1.866850000000000
        4.890000000000000        -1.889810000000000
        4.895000000000000        -1.911540000000000
        4.900000000000000        -1.891170000000000
        4.905000000000000        -1.883970000000000
        4.910000000000000        -1.870440000000000
        4.915000000000000        -1.874000000000000
        4.920000000000000        -1.897820000000000
        4.925000000000000        -1.834180000000000
        4.930000000000000        -1.892080000000000
        4.935000000000000        -1.871870000000000
        4.940000000000000        -1.903140000000000
        4.945000000000000        -1.864300000000000
        4.950000000000000        -1.870410000000000
        4.955000000000000        -1.830380000000000
        4.960000000000000        -1.875800000000000
        4.965000000000000        -1.893760000000000
        4.970000000000000        -1.871920000000000
        4.975000000000001        -1.881320000000000
        4.980000000000000        -1.864060000000000
        4.985000000000000        -1.843480000000000
        4.990000000000000        -1.840560000000000
        4.995000000000000        -1.872180000000000
        5.000000000000000        -1.867410000000000
