        0.128281981981982
        0.193190540540541
        0.216165675675676
        0.529018648648649
        0.197123513513514
        0.192818108108108
        0.079711531531532
        0.239224342342342
        0.247432549549550
        0.332254774774775
        0.123891081081081
        0.121078828828829
        0.108830720720721
        0.117347657657658
        0.181264144144144
        0.089128198198198
        0.101650090090090
        0.093228198198198
        0.087567027027027
        0.062259009009009
        0.143104774774775
        0.127843513513514
        0.091762522522523
        0.109894954954955
        0.244366936936937
        0.188023873873874
        0.173638288288288
        0.154455585585586
        0.151027477477477
        0.136620900900901
        0.173958018018018
        0.117205135135135
        0.116330450450450
        0.130966846846847
        0.157394864864865
        0.174022162162162
        0.194826396396396
        0.163515675675676
        0.167357927927928
        0.148989459459459
        0.156346756756757
        0.154887207207207
        0.164702162162162
        0.164530810810811
        0.162870540540541
        0.166279459459459
        0.170199909909910
        0.165591171171171
        0.173749369369369
        0.160226486486486
        0.204129729729730
        0.241597837837838
        0.249484504504505
        0.251353603603604
        0.248814504504505
        0.242163153153153
        0.241879639639640
        0.237432072072072
        0.242208468468469
        0.243601801801802
        0.245475405405405
        0.246984864864865
        0.247561801801802
        0.246147207207207
        0.244353693693694
        0.241617477477477
        0.240699099099099
        0.241512162162162
        0.239557927927928
        0.245676306306306
        0.240294054054054
        0.243220810810811
        0.245543963963964
        0.234490810810811
        0.137200540540541
        0.415321081081081
        0.274523783783784
        0.367936419753086
